   2.0040000e+03   1.0000000e+00   1.0959202e+01   3.5339356e+01   5.3100001e+00   7.0000000e+00
   2.0040000e+03   2.0000000e+00   5.1029344e+00   3.5988537e+01   5.3100001e+00   7.5000003e+00
   2.0040000e+03   3.0000000e+00   3.8248975e+00   3.3633762e+01   5.3100001e+00   7.5000003e+00
   2.0040000e+03   4.0000000e+00   7.2668760e+00   3.2536523e+01   5.4987095e+00   7.5000003e+00
   2.0050000e+03   1.0000000e+00   6.3257627e+00   3.2532383e+01   5.5799998e+00   7.5000003e+00
   2.0050000e+03   2.0000000e+00   7.7870088e+00   3.2025914e+01   5.5799998e+00   7.5000003e+00
   2.0050000e+03   3.0000000e+00   1.0983697e+01   3.2176864e+01   5.5799998e+00   7.5000003e+00
   2.0050000e+03   4.0000000e+00   1.2240029e+01   3.1916672e+01   5.5799998e+00   7.5000003e+00
   2.0060000e+03   1.0000000e+00   1.1064473e+01   3.0631480e+01   5.5799998e+00   7.5000003e+00
   2.0060000e+03   2.0000000e+00   1.1051818e+01   3.0465862e+01   5.7689998e+00   7.5000003e+00
   2.0060000e+03   3.0000000e+00   9.9680184e+00   3.0313615e+01   5.9777420e+00   8.5000001e+00
   2.0060000e+03   4.0000000e+00   7.4926620e+00   2.9786277e+01   6.1200000e+00   9.0000004e+00
   2.0070000e+03   1.0000000e+00   6.5572324e+00   2.8907366e+01   6.1606452e+00   1.0000000e+01
   2.0070000e+03   2.0000000e+00   8.7360905e+00   2.8314765e+01   6.4751610e+00   1.1500000e+01
   2.0070000e+03   3.0000000e+00   8.1991741e+00   2.8960231e+01   6.9092900e+00   1.2500000e+01
   2.0070000e+03   4.0000000e+00   9.5892800e+00   2.7825996e+01   7.3112905e+00   1.4500000e+01
   2.0080000e+03   1.0000000e+00   8.0846596e+00   2.7767267e+01   7.4699998e+00   1.5500000e+01
   2.0080000e+03   2.0000000e+00   5.1934497e+00   2.7739400e+01   7.4699998e+00   1.7500000e+01
   2.0080000e+03   3.0000000e+00   6.2953974e+00   2.8311538e+01   7.4249998e+00   1.7250000e+01
   2.0080000e+03   4.0000000e+00   6.3508688e+00   2.9723228e+01   6.3332900e+00   1.5000001e+01
   2.0090000e+03   1.0000000e+00   1.1107851e+01   3.1173517e+01   5.3100001e+00   1.5000001e+01
   2.0090000e+03   2.0000000e+00   1.8342931e+01   3.1574750e+01   5.3100001e+00   1.5000001e+01
   2.0090000e+03   3.0000000e+00   1.8111830e+01   3.1137012e+01   5.3100001e+00   1.5000001e+01
   2.0090000e+03   4.0000000e+00   1.9576822e+01   3.1041341e+01   5.3100001e+00   1.5000001e+01
   2.0100000e+03   1.0000000e+00   1.4096842e+01   3.0597612e+01   5.3100001e+00   1.6000000e+01
   2.0100000e+03   2.0000000e+00   7.0816860e+00   3.0831851e+01   5.3100001e+00   1.6500001e+01
   2.0100000e+03   3.0000000e+00   6.7118041e+00   2.9655845e+01   5.3100001e+00   1.6500001e+01
   2.0100000e+03   4.0000000e+00   4.0930445e+00   2.9592069e+01   5.5250537e+00   1.8000001e+01
   2.0110000e+03   1.0000000e+00   2.5932517e+00   2.7952658e+01   5.9528571e+00   1.9499999e+01
   2.0110000e+03   2.0000000e+00   3.3960682e+00   2.6815578e+01   6.2961109e+00   2.0999999e+01
   2.0110000e+03   3.0000000e+00   1.5968028e-01   2.5899003e+01   6.5438710e+00   2.0999999e+01
   2.0110000e+03   4.0000000e+00  -9.7998114e-01   2.6180767e+01   6.5600000e+00   2.0500000e+01
   2.0120000e+03   1.0000000e+00   3.2787106e+00   2.6206955e+01   6.5600000e+00   2.0000000e+01
   2.0120000e+03   2.0000000e+00   3.7641441e+00   2.6107991e+01   6.4961113e+00   1.9499999e+01
   2.0120000e+03   3.0000000e+00   5.4741122e+00   2.5909255e+01   6.0166668e+00   1.9499999e+01
   2.0120000e+03   4.0000000e+00   6.2948062e+00   2.5452402e+01   5.9999999e+00   1.9499999e+01
   2.0130000e+03   1.0000000e+00   4.7508758e+00   2.5316633e+01   5.9999999e+00   1.9499999e+01
   2.0130000e+03   2.0000000e+00   5.6364029e+00   2.4720348e+01   5.9999999e+00   1.9499999e+01
   2.0130000e+03   3.0000000e+00   7.1184546e+00   2.4581708e+01   5.9999999e+00   1.9499999e+01
   2.0130000e+03   4.0000000e+00   7.2065059e+00   2.4686664e+01   5.9999999e+00   1.9499999e+01
   2.0140000e+03   1.0000000e+00   6.2560125e+00   2.4792108e+01   5.9999999e+00   1.9499999e+01
   2.0140000e+03   2.0000000e+00   5.0613752e+00   2.4694005e+01   5.9999999e+00   1.9499999e+01
   2.0140000e+03   3.0000000e+00   3.7640210e+00   2.4478824e+01   5.9999999e+00   1.9499999e+01
   2.0140000e+03   4.0000000e+00   1.6079321e+00   2.4521162e+01   5.8266666e+00   1.9499999e+01
   2.0150000e+03   1.0000000e+00  -1.1071858e+00   2.5211652e+01   5.5166665e+00   1.9000000e+01
   2.0150000e+03   2.0000000e+00  -2.9458341e+00   2.5128629e+01   5.2018818e+00   1.8000001e+01
   2.0150000e+03   3.0000000e+00  -2.8546788e+00   2.4994597e+01   4.7505375e+00   1.7500000e+01
   2.0150000e+03   4.0000000e+00  -4.1422681e+00   2.4878793e+01   4.4118281e+00   1.7000000e+01
