2004  0    6.755   34.375    5.357    7.375
2005  0    9.308   32.163    5.580    7.500
2006  0    9.885   30.299    5.862    8.125
2007  0    8.265   28.502    6.714   12.125
2008  0    6.476   28.385    7.175   16.313
2009  0   16.737   31.232    5.310   15.000
2010  0    7.933   30.169    5.364   16.750
2011  0    1.277   26.712    6.338   20.500
2012  0    4.696   25.919    6.268   19.625
2013  0    6.173   24.826    6.000   19.500
2014  0    4.158   24.622    5.957   19.500
2015  0   -2.768   25.053    4.970   17.875
