1899          417618    435485    853103
1900          407631    425139    832770
1901          422860    440012    862872
1902          416494    434410    850904
1903          407737    424343    832080
1904          403706    419836    823542
1905          397596    414908    812504
1906          397710    414266    811976
1907          379783    397950    777733
1908          388927    408409    797336
1909          378562    395960    774522
1910          380859    398478    779337
1911          365811    381304    747115
1912          368496    386651    755147
1913          366443    384341    750784
1914          292894    304592    597486
1915          190141    199213    389354
1916          153720    161439    315159
1917          168276    176461    344737
1918          194565    207534    402099
1919          197134    209185    406319
1920          406101    432036    838137
1921          398074    418451    816525
1922          372584    391789    764373
1923          372707    393181    765888
1924          369998    387875    757873
1925          377426    397029    774455
1926          377079    394611    771690
1927          365864    382238    748102
1928          367373    386197    753570
1929          358708    375432    734140
1930          369376    384644    754020
1931          360700    376911    737611
1932          354977    371322    726299
1933          334427    347967    682394
1934          333554    347964    681518
1935          315524    328346    643870
1936          311360    322984    634344
1937          304524    316929    621453
1938          301362    314220    615582
1939          287746    298980    586726
1940          263864    274892    538756
1941          242979    252585    495564
1942          266364    281487    547851
1943          284103    301991    586094
1944          293035    310767    603802
1945          304142    321638    625780
1946          410079    433825    843904
1947          422962    447510    870472
1948          422938    447898    870836
1949          425151    447510    872661
1950          420515    441795    862310
1951          402925    423797    826722
1952          400658    421546    822204
1953          392097    412599    804696
1954          394676    416078    810754
1955          393758    412159    805917
1956          393370    413546    806916
1957          398833    417634    816467
1958          396994    415221    812215
1959          404844    424405    829249
1960          400044    419775    819819
1961          409756    428877    838633
1962          406434    425919    832353
1963          425032    443844    868876
1964          428293    449511    877804
1965          422298    443390    865688
1966          421399    442128    863527
1967          409927    430641    840568
1968          408173    427623    835796
1969          410899    431346    842245
1970          413782    436599    850381
1971          429306    451978    881284
1972          426839    450667    877506
1973          416996    440190    857186
1974          389779    411439    801218
1975          363261    381804    745065
1976          350956    369439    720395
1977          362407    382337    744744
1978          358781    378281    737062
1979          368750    388604    757354
1980          389829    410547    800376
1981          392003    413480    805483
1982          388018    409205    797223
1983          364866    383659    748525
1984          370629    389310    759939
1985          374319    394112    768431
1986          379269    399199    778468
1987          374597    393231    767828
1988          375829    395439    771268
1989          373824    391649    765473
1990          371095    391312    762407
1991          369817    389239    759056
1992          361914    381744    743658
1993          347021    364589    711610
1994          346716    364277    710993
1995          356200    373409    729609
1996          357335    377003    734338
1997          353611    373157    726768
1998          360005    378075    738080
1999          362659    382132    744791
2000          377430    397352    774782
2001          376648    394297    770945
2002          371649    389981    761630
2003          372115    389349    761464
2004          374339    393477    767816
