1872          494379    526303   1020682
1873          477146    508042    985188
1874          460427    491231    951658
1875          501866    533511   1035377
1876          525413    558308   1083721
1877          499170    529867   1029037
1878          490530    521945   1012475
1879          515194    548959   1064153
1880          464309    493591    957900
1881          524096    557029   1081125
1882          515380    545714   1061094
1883          520050    551402   1071452
1884          549328    581413   1130741
1885          545891    580079   1125970
1886          527519    559441   1086960
1887          559970    592936   1152906
1888          544482    575081   1119563
1889          557717    591480   1149197
1890          526725    556378   1083103
1891          550321    581818   1132139
1892          539786    570787   1110573
1893          547220    579076   1126296
1894          536523    566412   1102935
1895          530624    561478   1092102
1896          532610    562895   1095505
1897          535194    566654   1101848
1898          520144    549930   1070074
1899          530127    558431   1088558
1900          519440    547936   1067376
1901          513756    544007   1057763
1902          531404    561670   1093074
1903          506455    535635   1042090
1904          527746    557685   1085431
1905          527576    556942   1084518
1906          520723    550255   1070978
1907          516339    545994   1062333
1908          554063    584750   1138813
1909          544220    571611   1115831
1910          557675    586735   1144410
1911          531986    561559   1093545
1912          552151    581834   1133985
1913          547636    574846   1122482
1914          543226    570865   1114091
1915          540979    568204   1109183
1916          429322    452304    881626
1917          335580    355627    691207
1918          311556    328707    640263
1919          374686    395934    770620
1920          562027    596014   1158041
1921          544052    574292   1118344
1922          573449    602385   1175834
1923          563728    591429   1155157
1924          547624    577026   1124650
1925          540526    568039   1108565
1926          534445    560221   1094666
1927          532821    560951   1093772
1928          520153    552163   1072316
1929          505595    532105   1037700
1930          533662    559016   1092678
1931          500812    525385   1026197
1932          483124    507871    990995
1933          484947    511032    995979
1934          484152    508814    992966
1935          485764    510944    996708
1936          469382    493304    962686
1937          482760    509107    991867
1938          504522    532658   1037180
1939          505338    534875   1040213
1940          509285    537194   1046479
1941          455947    481599    937546
1942          449871    476192    926063
1943          428719    453386    882105
1944          395513    419233    814746
1945          396193    419485    815678
1946          502558    533540   1036098
1947          490781    520709   1011490
1948          489076    516775   1005851
1949          455404    481742    937146
1950          441417    467205    908622
1951          419456    441542    860998
1952          410849    433598    844447
1953          407814    431664    839478
1954          424635    446054    870689
1955          423189    446144    869333
1956          425427    448181    873608
1957          427764    451142    878906
1958          423789    446679    870468
1959          437709    463308    901017
1960          442822    467370    910192
1961          452438    477219    929657
1962          456519    480738    937257
1963          467582    492754    960336
1964          493962    522158   1016120
1965          481683    508775    990458
1966          477216    502724    979940
1967          462119    486653    948772
1968          452560    477612    930172
1969          453831    478635    932466
1970          437880    463592    901472
1971          440350    465832    906182
1972          430160    458043    888203
1973          424547    449999    874546
1974          421751    447131    868882
1975          401692    426160    827852
1976          378910    402728    781638
1977          359945    381158    741103
1978          344202    364841    709043
1979          325173    345048    670221
1980          309423    330978    640401
1981          302782    320321    623103
1982          300746    318351    619097
1983          292015    309913    601928
1984          285376    302495    587871
1985          280624    296721    577345
1986          269218    286227    555445
1987          266945    284594    551539
1988          276075    293623    569698
1989          271949    288739    560688
1990          276181    293074    569255
1991          272803    289984    562787
1992          274877    292964    567841
1993          265961    283523    549484
1994          257855    275195    533050
1995          254613    270996    525609
1996          255950    272153    528103
1997          262212    277836    540048
1998          258423    274420    532843
1999          261096    276146    537242
2000          263086    279953    543039
2001          260091    275191    535282
2002          261686    276512    538198
2003          262738    277719    540457
