1947           62179     66774    128953
1948           59655     63566    123221
1949           54885     58490    113375
1950           52249     55605    107854
1951           50053     52711    102764
1952           49814     53198    103012
1953           50039     52828    102867
1954           50570     53415    103985
1955           52809     55766    108575
1956           56674     59153    115827
1957           57455     61257    118712
1958           58429     61326    119755
1959           60215     64162    124377
1960           61150     64795    125945
1961           63828     67735    131563
1962           64917     68336    133253
1963           66050     68759    134809
1964           65475     68366    133841
1965           63421     66503    129924
1966           62791     65786    128577
1967           61989     65415    127404
1968           61154     64961    126115
1969           59317     62060    121377
1970           54423     57878    112301
1971           52746     55764    108510
1972           50621     53412    104033
1973           47637     50404     98041
1974           47419     50011     97430
1975           45592     48165     93757
1976           42434     45012     87446
1977           41617     43978     85595
1978           41536     43866     85402
1979           41913     44475     86388
1980           43998     46874     90872
1981           45820     48122     93942
1982           46641     48199     94840
1983           43989     46129     90118
1984           43710     45524     89234
1985           42386     45054     87440
1986           42429     44535     86964
1987           42218     44285     86503
1988           42697     45355     88052
1989           43254     45505     88759
1990           43976     46478     90454
1991           46024     48605     94629
1992           46206     49096     95302
1993           46460     48767     95227
1994           45003     47412     92415
1995           43250     45419     88669
1996           43251     45558     88809
1997           41103     42942     84045
1998           39521     41712     81233
1999           38147     39991     78138
2000           38136     40132     78268
2001           36861     38597     75458
2002           38281     40118     78399
2003           37402     39542     76944
2004           38428     40540     78968
2005           38312     39878     78190
