1835           19301     20000     39301
1836           18647     19403     38050
1837           18453     19302     37755
1838           18440     19323     37763
1839           18200     18851     37051
1840           19096     20114     39210
1841           18753     19965     38718
1842           19338     20196     39534
1843           19404     20147     39551
1844           19909     20837     40746
1845           20352     21249     41601
1846           20285     20940     41225
1847           20683     21608     42291
1848           20885     21862     42747
1849           21567     22078     43645
1850           21684     23084     44768
1851           21178     22160     43338
1852           23602     24788     48390
1853           22694     23920     46614
1854           23914     24811     48725
1855           23446     24714     48160
1856           24402     25151     49553
1857           24905     26149     51054
1858           25644     26471     52115
1859           25946     27415     53361
1860           25532     27004     52536
1861           25281     26335     51616
1862           24828     26114     50942
1863           25144     26557     51701
1864           24678     26119     50797
1865           25982     27236     53218
1866           26666     28475     55141
1867           25842     26858     52700
1868           26663     27827     54490
1869           25647     26462     52109
1870           26442     27978     54420
1871           26509     27887     54396
1872           26922     28299     55221
1873           27573     28998     56571
1874           27869     29409     57278
1875           29130     30619     59749
1876           30115     31673     61788
1877           30411     31433     61844
1878           29849     31441     61290
1879           30395     32060     62455
1880           30512     32100     62612
1881           31244     32901     64145
1882           31751     33319     65070
1883           31305     33169     64474
1884           33217     35123     68340
1885           32900     34564     67464
1886           33265     34797     68062
1887           32962     34455     67417
1888           32961     34466     67427
1889           32810     34575     67385
1890           32281     34095     66376
1891           33080     34857     67937
1892           31930     33538     65468
1893           33476     35054     68530
1894           33105     35195     68300
1895           33471     35400     68871
1896           34432     35839     70271
1897           33664     35912     69576
1898           34965     36705     71670
1899           34804     36551     71355
1900           35087     37042     72129
1901           35867     37352     73219
1902           35422     37417     72839
1903           35274     37077     72351
1904           35803     37889     73692
1905           35472     37610     73082
1906           36181     38036     74217
1907           36189     38135     74324
1908           37405     38828     76233
1909           37130     39171     76301
1910           36677     38622     75299
1911           36135     37798     73933
1912           36338     38321     74659
1913           35481     36994     72475
1914           35785     37509     73294
1915           34210     35982     70192
1916           34829     36730     71559
1917           34380     35926     70306
1918           35260     37245     72505
1919           33286     35436     68722
1920           38268     39962     78230
1921           38347     40468     78815
1922           35736     38163     73899
1923           36390     38437     74827
1924           35926     37910     73836
1925           35193     36704     71897
1926           34447     36287     70734
1927           33079     34945     68024
1928           33250     35266     68516
1929           31794     33503     65297
1930           32425     33878     66303
1931           31199     33067     64266
1932           31630     33020     64650
1933           30371     32409     62780
1934           31516     33600     65116
1935           31591     33632     65223
1936           32371     34047     66418
1937           33044     34396     67440
1938           33232     35230     68462
1939           32801     35113     67914
1940           34194     35927     70121
1941           34607     36699     71306
1942           38569     40976     79545
1943           41048     43271     84319
1944           43822     46819     90641
1945           45838     49224     95062
1946           46447     49664     96111
1947           44386     47328     91714
1948           41081     43857     84938
1949           38802     41117     79919
1950           38824     40734     79558
1951           36951     39608     76559
1952           37311     39632     76943
1953           37762     40499     78261
1954           37056     39309     76365
1955           37120     39725     76845
1956           37187     39538     76725
1957           36425     38839     75264
1958           36225     38456     74681
1959           35942     37986     73928
1960           37118     38959     76077
1961           37264     39175     76439
1962           37959     39849     77808
1963           40127     42286     82413
1964           40350     43006     83356
1965           41645     44151     85796
1966           42920     45412     88332
1967           39619     41791     81410
1968           36052     38491     74543
1969           34431     36867     71298
1970           34420     36382     70802
1971           36404     38955     75359
1972           36813     38692     75505
1973           34996     36899     71895
1974           34771     36556     71327
1975           35260     36811     72071
1976           31533     33734     65267
1977           30055     31823     61878
1978           30161     31875     62036
1979           28909     30555     59464
1980           27941     29352     57293
1981           25972     27117     53089
1982           25595     27063     52658
1983           24821     26001     50822
1984           25228     26572     51800
1985           26284     27465     53749
1986           26878     28434     55312
1987           27142     29079     56221
1988           28520     30324     58844
1989           29876     31475     61351
1990           30813     32620     63433
1991           31353     33005     64358
1992           32914     34812     67726
1993           32760     34609     67369
1994           34027     35639     69666
1995           33885     35886     69771
1996           32819     34819     67638
1997           32899     34749     67648
1998           32116     34058     66174
1999           32341     33879     66220
2000           32652     34432     67084
2001           31961     33497     65458
2002           31109     32966     64075
2003           31441     33158     64599
2004           31539     33070     64609
2005           31459     32823     64282
