1921          123889    133839    257728
1922          123516    129055    252571
1923          116473    124003    240476
1924          118935    125590    244525
1925          117702    124686    242388
1926          112887    119863    232750
1927          113533    120655    234188
1928          115252    121505    236757
1929          114524    120891    235415
1930          118643    124852    243495
1931          116851    123622    240473
1932          114584    121082    235666
1933          108480    114388    222868
1934          107980    113323    221303
1935          108158    113293    221451
1936          107082    113289    220371
1937          107092    113143    220235
1938          111584    117862    229446
1939          111874    117594    229468
1940          119037    125279    244316
1941          124142    131175    255317
1942          131729    140584    272313
1943          137855    145725    283580
1944          137568    146652    284220
1945          139818    148912    288730
1946          160787    169945    330732
1947          175121    183973    359094
1948          169184    178123    347307
1949          177800    188339    366139
1950          180596    191413    372009
1951          185174    195918    381092
1952          195489    208270    403759
1953          203461    214423    417884
1954          212030    224168    436198
1955          215555    227382    442937
1956          219042    231697    450739
1957          228020    241073    469093
1958          228445    241675    470120
1959          233202    246073    479275
1960          232522    246029    478551
1961          231297    244403    475700
1962          228823    240870    469693
1963          226902    238865    465767
1964          220258    232657    452915
1965          203483    215112    418595
1966          188782    198928    387710
1967          181047    189847    370894
1968          176821    187489    364310
1969          179849    189798    369647
1970          180553    191435    371988
1971          175541    186646    362187
1972          168537    178782    347319
1973          166572    176801    343373
1974          170400    180250    350650
1975          174789    184534    359323
1976          175155    184832    359987
1977          175477    185923    361400
1978          174973    183879    358852
1979          177682    188382    366064
1980          180314    190395    370709
1981          180743    190603    371346
1982          181775    191307    373082
1983          181453    192236    373689
1984          183353    193678    377031
1985          182480    193247    375727
1986          181870    191043    372913
1987          180428    189314    369742
1988          183806    192989    376795
1989          191509    201152    392661
1990          197281    208205    405486
1991          195916    206612    402528
1992          194264    204378    398642
1993          188650    199744    388394
1994          186939    198173    385112
1995          184258    193753    378011
1996          177984    188216    366200
1997          169624    178974    348598
1998          167158    175253    342411
1999          164190    173054    337244
2000          159486    168380    327866
2001          159057    168050    327107
2002          159964    168191    328155
2003          161055    169468    330523
2004          163644    172057    335701
