1921           66159     70039    136198
1922           66914     70582    137496
1923           65857     69365    135222
1924           66127     68800    134927
1925           66250     69542    135792
1926           64740     68422    133162
1927           64818     68880    133698
1928           64926     69152    134078
1929           62857     66623    129480
1930           62516     65883    128399
1931           57488     61021    118509
1932           53958     56975    110933
1933           54109     57160    111269
1934           53627     55848    109475
1935           54433     56892    111325
1936           56679     59394    116073
1937           58226     60905    119131
1938           58523     61892    120415
1939           59838     63053    122891
1940           61752     64595    126347
1941           65564     68961    134525
1942           66481     70227    136708
1943           72942     76353    149295
1944           75002     78342    153344
1945           78103     82457    160560
1946           85411     90968    176379
1947           88566     93818    182384
1948           86665     91311    177976
1949           88515     92746    181261
1950           92761     97830    190591
1951           93897     99401    193298
1952           98269    103381    201650
1953           98736    103499    202235
1954           98701    103555    202256
1955          101227    106450    207677
1956          102544    109589    212133
1957          107121    113237    220358
1958          108547    113957    222504
1959          110735    116241    226976
1960          111911    118415    230326
1961          116874    123112    239986
1962          114971    122110    237081
1963          114553    121136    235689
1964          111087    118062    229149
1965          108388    114466    222854
1966          108653    115078    223731
1967          111616    117680    229296
1968          117279    123627    240906
1969          121905    128271    250176
1970          125544    131972    257516
1971          135248    141114    276362
1972          128960    136009    264969
1973          120701    126969    247670
1974          118882    126295    245177
1975          113162    119850    233012
1976          110972    116838    227810
1977          109740    116551    226291
1978          109217    114964    224181
1979          108516    114613    223129
1980          109579    115948    225527
1981          114672    121170    235842
1982          116649    123254    239903
1983          118012    124558    242570
1984          114218    119816    234034
1985          120535    126813    247348
1986          118494    124914    243408
1987          118694    125265    243959
1988          119970    126223    246193
1989          122343    128510    250853
1990          127454    135194    262648
1991          125282    131965    257247
1992          128550    135601    264151
1993          126657    133572    260229
1994          125426    132625    258051
1995          124758    131432    256190
1996          123262    130572    253834
1997          122663    129179    251842
1998          121600    128016    249616
1999          121513    127357    248870
2000          121446    128190    249636
2001          120096    126298    246394
2002          122365    128623    250988
2003          121968    129193    251161
2004          123646    130600    254246
