1838             927       924      1851
1839             918       920      1838
1840             935      1059      1994
1841            1063      1055      2118
1842            1025      1087      2112
1843             963      1033      1996
1844             950       963      1913
1845             987      1060      2047
1846             987      1086      2073
1847             921      1002      1923
1848            1053      1084      2137
1849            1055      1089      2144
1850            1110      1174      2284
1851            1115      1195      2310
1852            1180      1200      2380
1853            1254      1224      2478
1854            1197      1285      2482
1855            1185      1260      2445
1856            1192      1225      2417
1857            1317      1347      2664
1858            1422      1435      2857
1859            1299      1301      2600
1860            1170      1220      2390
1861            1207      1238      2445
1862            1278      1325      2603
1863            1238      1313      2551
1864            1323      1344      2667
1865            1231      1428      2659
1866            1263      1315      2578
1867            1291      1377      2668
1868            1186      1187      2373
1869            1018      1103      2121
1870            1042      1149      2191
1871            1076      1119      2195
1872            1086      1110      2196
1873            1168      1201      2369
1874            1117      1142      2259
1875            1138      1130      2268
1876            1173      1182      2355
1877            1095      1088      2183
1878            1159      1207      2366
1879            1122      1127      2249
1880            1118      1150      2268
1881            1135      1189      2324
1882            1116      1183      2299
1883             992      1120      2112
1884            1109      1206      2315
1885            1105      1147      2252
1886            1042      1095      2137
1887             972      1036      2008
1888             946       971      1917
1889            1083      1097      2180
1890            1069      1120      2189
1891            1153      1205      2358
1892            1104      1158      2262
1893            1102      1211      2313
1894            1067      1101      2168
1895            1274      1203      2477
1896            1145      1207      2352
1897            1139      1241      2380
1898            1125      1165      2290
1899            1109      1134      2243
1900            1124      1113      2237
1901            1056      1123      2179
1902            1092      1128      2220
1903            1063      1181      2244
1904            1078      1215      2293
1905            1101      1170      2271
1906            1095      1251      2346
1907            1124      1180      2304
1908            1094      1176      2270
1909            1084      1199      2283
1910            1010      1161      2171
1911            1109      1096      2205
1912            1077      1157      2234
1913            1082      1134      2216
1914            1132      1206      2338
1915            1202      1244      2446
1916            1112      1265      2377
1917            1158      1269      2427
1918            1216      1225      2441
1919            1127      1215      2342
1920            1251      1376      2627
1921            1236      1365      2601
1922            1276      1270      2546
1923            1269      1343      2612
1924            1216      1309      2525
1925            1222      1332      2554
1926            1317      1359      2676
1927            1276      1366      2642
1928            1213      1329      2542
1929            1288      1356      2644
1930            1395      1413      2808
1931            1315      1489      2804
1932            1290      1406      2696
1933            1232      1299      2531
1934            1262      1335      2597
1935            1258      1293      2551
1936            1274      1283      2557
1937            1141      1256      2397
1938            1143      1231      2374
1939            1137      1226      2363
1940            1242      1238      2480
1941            1297      1337      2634
1942            1482      1523      3005
1943            1586      1587      3173
1944            1523      1690      3213
1945            1657      1777      3434
1946            1609      1825      3434
1947            1777      1929      3706
1948            1919      1902      3821
1949            1867      2017      3884
1950            1941      2152      4093
1951            2009      1990      3999
1952            1923      2152      4075
1953            2051      2203      4254
1954            2050      2231      4281
1955            2213      2292      4505
1956            2224      2379      4603
1957            2256      2469      4725
1958            2290      2351      4641
1959            2336      2501      4837
1960            2369      2547      4916
1961            2206      2357      4563
1962            2301      2410      4711
1963            2349      2471      4820
1964            2412      2375      4787
1965            2271      2450      4721
1966            2296      2396      4692
1967            2156      2248      4404
1968            2014      2213      4227
1969            2094      2124      4218
1970            1952      2071      4023
1971            2060      2217      4277
1972            2287      2389      4676
1973            2202      2396      4598
1974            2072      2204      4276
1975            2134      2250      4384
1976            2060      2231      4291
1977            1958      2038      3996
1978            2038      2124      4162
1979            2186      2289      4475
1980            2209      2319      4528
1981            2077      2268      4345
1982            2081      2256      4337
1983            2161      2210      4371
1984            1998      2115      4113
1985            1952      1904      3856
1986            1890      1991      3881
1987            1979      2214      4193
1988            2229      2444      4673
1989            2273      2287      4560
1990            2328      2440      4768
1991            2182      2351      4533
1992            2230      2379      4609
1993            2294      2329      4623
1994            2153      2289      4442
1995            2048      2232      4280
1996            2108      2221      4329
1997            1998      2153      4151
1998            2048      2130      4178
1999            2070      2030      4100
2000            2123      2192      4315
2001            1995      2096      4091
2002            1983      2066      4049
2003            2040      2103      4143
2004            2058      2176      4234
2005            2097      2183      4280
